1.029161003329968294e+00 5.637720789242021135e-01 1.499388709526179586e-01 5.576424118597528290e-01 5.549300595920466650e-01 4.364259226385951984e-01 5.447948602350656255e-01
5.637720789242021135e-01 1.014428764741833300e+00 5.956036139523287476e-01 1.011270010666006858e+00 1.004803738560049675e+00 9.043924745532041509e-01 9.938710913318536955e-01
1.499388709526179586e-01 5.956036139523287476e-01 1.004738427290239988e+00 5.916160516959971805e-01 5.889922625323757988e-01 4.822367263703233320e-01 5.815089379167875938e-01
5.576424118597528290e-01 1.011270010666006858e+00 5.916160516959971805e-01 1.020948056146741889e+00 1.001474349295880861e+00 9.010903272566163080e-01 9.903527840756314315e-01
5.549300595920466650e-01 1.004803738560049675e+00 5.889922625323757988e-01 1.001474349295880861e+00 1.013989890252319226e+00 8.930189250359222841e-01 9.832535838299604203e-01
4.364259226385951984e-01 9.043924745532041509e-01 4.822367263703233320e-01 9.010903272566163080e-01 8.930189250359222841e-01 1.039858878488947314e+00 8.828753321647364594e-01
5.447948602350656255e-01 9.938710913318536955e-01 5.815089379167875938e-01 9.903527840756314315e-01 9.832535838299604203e-01 8.828753321647364594e-01 1.010844704087014767e+00
