9.768986108594494011e-01 9.695477472951932185e-01 1.033327218401055257e-02 9.769628671280063958e-01 9.763177275453118753e-01 9.754813927974526067e-01 9.759516342574008352e-01
9.695477472951932185e-01 9.822027105951068870e-01 -3.453698414239901007e-04 9.696327110209889133e-01 9.690002181688952554e-01 9.680310312690865171e-01 9.684776872640998846e-01
1.033327218401055257e-02 -3.453698414239901007e-04 9.809179103442557945e-01 1.019642455895186997e-02 1.048457262253423526e-02 8.231986876981237794e-03 1.071250909845050669e-02
9.769628671280063958e-01 9.696327110209889133e-01 1.019642455895186997e-02 9.772494435843982474e-01 9.763768985775207465e-01 9.755500958105413067e-01 9.760052119437263585e-01
9.763177275453118753e-01 9.690002181688952554e-01 1.048457262253423526e-02 9.763768985775207465e-01 9.762309925596437399e-01 9.748632152485130486e-01 9.753494516550155202e-01
9.754813927974526067e-01 9.680310312690865171e-01 8.231986876981237794e-03 9.755500958105413067e-01 9.748632152485130486e-01 9.778738522011010126e-01 9.745113185401597100e-01
9.759516342574008352e-01 9.684776872640998846e-01 1.071250909845050669e-02 9.760052119437263585e-01 9.753494516550155202e-01 9.745113185401597100e-01 9.756350537789055810e-01
