1.011879984992811510e+00 7.282438104913188104e-01 4.120791050011758383e-01 7.204030682298793176e-01 7.260556375374739302e-01 3.206118457968130664e-01 7.133432919506808023e-01
7.282438104913188104e-01 9.879476703182499264e-01 6.686905176162503128e-01 9.829437284168337507e-01 9.854587028094703438e-01 6.046202161940187336e-01 9.718878401416489732e-01
4.120791050011758383e-01 6.686905176162503128e-01 9.844791997584280141e-01 6.623905725396425082e-01 6.678191412237398650e-01 2.808181386699835635e-01 6.581048032573815210e-01
7.204030682298793176e-01 9.829437284168337507e-01 6.623905725396425082e-01 9.957692286198759346e-01 9.803648865133336443e-01 5.988394919193271715e-01 9.667010248286743712e-01
7.260556375374739302e-01 9.854587028094703438e-01 6.678191412237398650e-01 9.803648865133336443e-01 9.888335522046920456e-01 6.003022286837200738e-01 9.688367094704215532e-01
3.206118457968130664e-01 6.046202161940187336e-01 2.808181386699835635e-01 5.988394919193271715e-01 6.003022286837200738e-01 1.022168375439880039e+00 5.876348278007434978e-01
7.133432919506808023e-01 9.718878401416489732e-01 6.581048032573815210e-01 9.667010248286743712e-01 9.688367094704215532e-01 5.876348278007434978e-01 9.852041617329574397e-01
